234
-53
-21
-330
380
27
-326
123
-283
-300
44
-291
42
-124
-312
32
-308
-88
4
100
-269
-282
-118
73
-131
-299
-361
-265
-54
12
88
121
-137
115
-349
84
-276
118
-548
-344
49
-332
17
-205
-298
-290
-43
9
55
-282
-316
-38
-60
-260
103
10
-73
-332
136
6
88
-295
-329
38
-123
323
-356
-347
17
-116
-573
8
86
587
-169
-186
-258
66
11
-108
-85
-921
-381
-259
-311
379
41
-267
282
-120
-31
-296
113
-127
-285
-83
44
70
43
-265
-274
-278
-283
-324
-312
-311
-301
-58
-266
122
123
-294
-282
-697
-347
60
87
-524
-273
60
114
53
11
360
19
-326
-276
-85
11
-525
-165
-117
43
87
85
-105
-6
29
124
-849
-119
3
19
36
19
-389
27
57
36
-138
106
98
-262
1
-59
-331
-341
-277
-294
65
-134
87
87
101
-58
-95
-264
-79
-213
9
103
-91
-540
-296
43
247
-277
-265
-156
-205
-130
24
107
35
-263
354
-115
71
-305
-264
1
-305
61
-115
-196
-275
0
-133
-317
3
-89
-104
18
-342
-342
106
4
-125
9
-95
12
121
59
83
-266
19
48
9
10
-296
-94
-262
5
59
-327
89
236
-305
-347
-259
-259
-257
-301
9
-363
39
50
-311
-108
75
-295
74
-315
-267
97
107
-109
-285
-54
74
-130
314
-310
-343
27
309
2
-77
-294
-115
22
-61
-231
2
-285
-278
-76
125
23
-267
-301
22
-102
40
54
-236
-370
112
-56
518
-136
-307
2
104
-57
121
2
119
119
-259
50
66
-299
80
11
17
49
163
-265
54
8
-258
-62
16
73
-100
-262
-292
-107
-1288
-371
-618
-117
1
-149
113
11
-118
-125
-122
51
-325
83
86
-123
362
118
-361
75
-275
104
54
29
107
52
37
17
-260
266
8
66
71
296
281
-87
-245
121
-115
108
325
-120
-110
55
-349
-266
26
82
27
-94
36
75
38
-278
-62
-119
-267
-333
-135
81
87
-344
91
-323
-517
-268
-269
-307
50
-45
86
59
27
-121
122
68
-140
72
89
48
11
-54
103
21
72
66
-37
-321
38
45
34
-28
-124
116
-156
-542
-476
113
-128
-574
-262
-301
75
-314
-325
-137
120
-297
-308
-289
8
18
52
59
-1275
82
283
49
-245
39
-285
64
-152
34
-58
-155
353
23
92
-355
-106
69
-268
33
121
17
-277
-103
-285
89
-109
26
97
-165
-231
-260
-565
51
33
-5
-99
2
-314
-174
1
301
103
-332
-123
106
-44
118
39
-273
66
-110
85
69
3
-311
38
-297
-300
258
115
17
9
113
51
-47
-327
-72
-85
99
60
89
-71
-126
-168
325
83
115
-345
-350
81
70
-38
265
-293
42
56
-332
378
