234
-53
-21
-330
380
27
-326
123
-283
-300
44
-291
42
-124
-312
32
-308
-88
4
100
-269
-282
-118
73
-131
-299
-361
-265
-54
12
88
121
-137
115
-349
84
-276
118
-548
-344
49
-332
17
-205
-298
-290
-43
9
55
-282
-316
-38
-60
-260
103
10
-73
-332
136
6
88
-295
-329
38
-123
323
-356
-347
17
-116
-573
8
86
587
-169
-186
-258
66
11
-108
-85
-921
-381
-259
-311
379
41
-267
282
-120
-31
-296
113
-127
-285
-83
44
70
43
-265
-274
-278
-283
-324
-312
-311
-301
-58
-266
122
123
-294
-282
-697
-347
60
87
-524
-273
60
114
53
11
360
19
-326
-276
-85
11
-525
-165
-117
43
87
85
-105
-6
29
124
-849
-119
3
19
36
19
-389
27
57
36
-138
106
98
-262
1
-59
-331
-341
-277
-294
65
-134
87
87
101
-58
-95
-264
-79
-213
9
103
-91
-540
-296
43
247
-277
-265
-156
-205
-130
24
107
35
-263
354
-115
71
-305
-264
1
-305
61
-115
-196
-275
0
-133
-317
3
-89
-104
18
-342
-342
106
4
-125
9
-95
12
121
59
83
-266
19
48
9
10
-296
-94
-262
5
59
-327
89
236
-305
-347
-259
-259
-257
-301
9
-363
39
50
-311
-108
75
-295
74
-315
-267
97
107
-109
-285
-54
74
-130
314
-310
-343
27
309
