234
-53
-21
-330
380
27
-326
123
-283
-300
44
-291
42
-124
-312
32
-308
-88
4
100
-269
-282
-118
73
-131
-299
-361
-265
-54
12
88
121
-137
115
-349
84
-276
118
-548
-344
49
-332
17
-205
-298
-290
-43
9
55
-282
-316
-38
-60
-260
103
10
-73
-332
136
6
88
-295
-329
38
-123
323
-356
-347
17
-116
-573
8
86
587
-169
-186
-258
66
11
-108
-85
-921
-381
-259
-311
379
41
-267
282
-120
-31
-296
113
-127
-285
-83
44
70
43
-265
-274
-278
-283
-324
-312
-311
-301
-58
-266
122
123
-294
-282
-697
-347
60
87
-524
-273
60
114
53
11
360
19
-326
-276
-85
